Vec Object: 1 MPI process
  type: seq
0.192308
0.192308
1.36978e-10
0.0961538
0.0961538
-3.35676e-09
1.751e-09
-1.01476e-09
-4.74108e-10
1.97418e-10
1.39688e-09
-1.0577e-09
-0.0961538
-0.0961538
-2.77783e-09
-0.192308
-0.192308
-3.45296e-10
-0.0961538
-0.0961538
1.57379e-10
0.
0.
0.
0.
0.
0.
0.0961538
0.0961538
4.43604e-10
0.0961538
0.0961538
-8.11034e-10
0.288462
0.0961538
5.28428e-10
7.80354e-10
2.70133e-09
3.1872e-09
-3.07405e-09
-1.58227e-09
3.70381e-10
-7.33569e-10
5.06159e-09
-3.61187e-10
-0.0961538
-0.0961538
4.73221e-10
-0.288462
-0.0961538
3.66614e-10
0.
0.
0.
0.
0.
0.
0.
0.
0.
0.
0.
0.
0.384615
-6.64626e-10
1.0101e-10
2.29882e-09
1.70403e-09
-6.53649e-10
6.27818e-10
2.38119e-09
8.99111e-10
1.20722e-09
1.63205e-09
-3.73699e-10
1.77541e-09
-6.97763e-10
-2.05452e-09
-0.384615
4.81673e-10
-4.49886e-10
0.
0.
0.
0.
0.
0.
0.
0.
0.
0.
0.
0.
0.384615
1.72942e-09
8.35159e-10
1.31253e-09
-1.49795e-09
-3.2583e-10
-8.40327e-10
2.07433e-09
9.83194e-10
-4.46558e-10
1.27211e-09
7.12748e-10
3.32561e-10
1.05515e-09
-1.68309e-09
-0.384615
2.2642e-10
-5.59809e-10
0.
0.
0.
0.
0.
0.
0.
0.
0.
0.0961538
-0.0961538
-2.24725e-10
0.288462
-0.0961538
1.65414e-09
4.14076e-10
-1.19931e-09
1.55542e-09
-2.57231e-09
3.12872e-09
9.65728e-11
-1.8396e-10
-7.71128e-10
1.56827e-09
-0.0961538
0.0961538
2.41495e-09
-0.288462
0.0961538
1.60563e-09
0.
0.
0.
0.
0.
0.
0.
0.
0.
0.192308
-0.192308
1.55777e-09
0.0961538
-0.0961538
-1.19159e-09
5.27553e-11
1.15292e-09
-1.81929e-09
-5.19928e-10
-1.07524e-09
-9.96009e-10
-0.0961538
0.0961538
-1.82919e-09
-0.192308
0.192308
1.49241e-09
-0.0961538
0.0961538
9.56729e-10
0.
0.
0.
0.
0.
0.
0.0961538
-0.0961538
7.97242e-10
0.0961538
-0.0961538
2.95972e-09
3.60384e-09
-7.73924e-10
2.19059e-10
3.13541e-09
9.97968e-12
-1.83062e-09
-1.18898e-09
5.91167e-10
1.41271e-09
-0.288462
0.0961538
-7.11113e-10
-0.0961538
0.0961538
-2.9086e-10
0.
0.
0.
0.
0.
0.
0.
0.
0.
0.288462
-0.0961538
1.64799e-09
1.34998e-10
-1.50407e-09
-8.50911e-10
2.86619e-10
-6.89841e-11
-1.08368e-09
-5.28032e-10
9.78907e-10
-9.22605e-10
-1.15615e-09
1.74301e-09
-2.06413e-09
-0.384615
-6.5065e-10
-1.24555e-09
0.
0.
0.
0.
0.
0.
0.
0.
0.
0.
0.
0.
0.384615
-1.59853e-09
8.09208e-10
-5.94263e-10
-2.47134e-10
-9.71918e-10
-3.09697e-10
-4.75336e-10
-5.47194e-11
5.35619e-10
2.29215e-10
-4.77276e-10
-1.48378e-09
-4.71616e-10
-2.61267e-09
-0.384615
1.22433e-09
-8.97562e-10
0.
0.
0.
0.
0.
0.
0.
0.
0.
0.
0.
0.
0.384615
2.73423e-10
4.89325e-10
0.0961538
0.0961538
2.17501e-09
2.54261e-09
3.58974e-10
2.04577e-09
4.36597e-09
1.75547e-09
1.27774e-09
6.6546e-10
-1.59484e-09
2.28457e-09
-0.288462
-0.0961538
4.71311e-10
-0.0961538
-0.0961538
-5.49344e-10
0.
0.
0.
0.
0.
0.
0.
0.
0.
0.288462
0.0961538
7.85364e-10
0.0961538
0.0961538
-4.22111e-10
0.0961538
0.0961538
-2.37012e-10
7.8559e-10
9.25066e-10
-2.18841e-09
8.73539e-11
-9.28794e-10
-3.83123e-09
-0.0961538
-0.0961538
-8.65867e-10
-0.0961538
-0.0961538
-4.36544e-10
0.
0.
0.
0.
0.
0.
0.
0.
0.
0.
0.
0.
0.
0.
0.
0.192308
-2.04204e-09
-1.29343e-09
0.0961538
-0.0961538
-1.35837e-09
7.54523e-10
-0.192308
-1.36518e-09
8.43417e-10
-0.192308
-1.17977e-09
-0.0961538
-0.288462
-1.2427e-09
-0.192308
-0.192308
-2.28088e-09
0.
0.
0.
0.
0.
0.
0.
0.
0.
0.
0.
0.
0.192308
1.96592e-10
1.39873e-09
0.192308
1.51277e-09
2.35871e-09
3.10844e-09
-5.99896e-10
2.7214e-09
-5.08478e-10
2.64595e-09
2.65167e-09
-1.20032e-09
-1.56274e-09
1.60903e-09
-0.288462
-0.0961538
-2.93501e-09
-0.0961538
-0.0961538
-1.2279e-09
0.
0.
0.
0.
0.
0.
0.
0.
0.
0.288462
-0.0961538
2.37205e-10
0.0961538
-0.0961538
2.06689e-09
1.19359e-09
8.0312e-10
2.59813e-09
-9.76893e-11
4.49939e-09
3.89116e-09
1.60289e-10
-1.84209e-10
3.01265e-09
-0.192308
2.46942e-09
-1.6159e-09
-0.192308
-4.98377e-10
1.03032e-10
0.
0.
0.
0.
0.
0.
0.0961538
-0.288462
1.76591e-10
0.192308
-0.192308
2.53216e-10
1.74218e-09
-1.33366e-09
-8.65244e-10
-1.47971e-09
-8.48168e-10
1.15678e-09
5.93098e-10
1.79111e-09
-7.7393e-10
2.25059e-09
-1.84566e-09
-7.97323e-10
-0.192308
4.58662e-10
-3.86455e-10
-0.0961538
-0.0961538
-2.76388e-10
-2.98418e-10
-0.192308
-1.0669e-09
-4.47414e-10
-0.192308
-1.2527e-09
0.0961538
-0.0961538
-6.48471e-10
-6.05342e-10
6.67175e-10
1.44191e-09
-6.69339e-10
-2.27949e-09
7.80858e-10
-1.32398e-09
3.72417e-10
1.3767e-09
-8.8663e-10
-3.19059e-10
4.24555e-09
-0.0961538
0.0961538
1.62416e-09
-0.0961538
0.0961538
-2.0673e-09
-1.35902e-09
-7.29547e-10
-1.98258e-09
-1.81088e-10
-1.61129e-09
-1.03555e-09
0.0961538
-0.0961538
-2.99556e-09
-1.14344e-09
7.26144e-10
-1.48767e-09
2.19348e-09
-9.18131e-10
-2.23049e-09
4.36034e-09
1.59739e-10
-1.01507e-09
-1.42733e-09
7.89533e-10
-1.98802e-09
-0.192308
0.192308
1.34426e-09
-0.0961538
0.288462
1.37066e-09
1.60686e-09
0.192308
-2.14828e-09
1.18242e-09
0.192308
-1.54539e-09
0.0961538
0.0961538
1.22822e-09
0.192308
5.55951e-11
-8.98568e-10
1.11516e-09
3.12253e-10
2.09768e-09
-3.91237e-10
-2.91865e-09
1.86263e-09
-2.09545e-09
3.74299e-10
2.99456e-10
-0.0961539
0.0961538
5.90413e-10
-0.288462
0.0961538
-5.43955e-10
0.
0.
0.
0.
0.
0.
0.
0.
0.
0.192308
2.39998e-10
-1.89686e-10
0.192308
-3.82434e-09
-1.26914e-09
2.90141e-10
-1.77898e-10
2.54473e-09
2.77179e-09
-7.37699e-10
1.54097e-09
-1.32416e-09
1.066e-09
1.25354e-09
-0.192308
-1.83435e-09
5.93125e-11
-0.192308
7.488e-10
6.08465e-10
0.
0.
0.
0.
0.
0.
0.
0.
0.
0.0961538
0.0961538
-6.17619e-10
0.288462
0.0961538
3.54591e-10
0.0961538
0.288462
-4.74806e-10
1.00918e-09
0.192308
-7.59298e-10
1.0509e-09
0.192308
-4.31858e-10
-0.0961538
0.0961538
-2.27186e-09
-0.192308
2.21505e-09
-2.37295e-09
0.
0.
0.
0.
0.
0.
0.
0.
0.
0.
0.
0.
0.192308
0.192308
-5.5301e-10
0.
0.
0.
0.
0.
0.
0.
0.
0.
0.
0.
0.
0.
0.
0.
0.
0.
0.
0.
0.
0.
0.
0.
0.
0.
0.
0.
0.
0.
0.
0.
0.
0.
0.
0.
0.
0.0961538
-0.0961538
-1.24513e-11
-6.28919e-10
-0.192308
1.09259e-09
0.0961538
-0.288462
1.55694e-10
-5.91916e-10
-0.384615
-1.38505e-09
-0.192308
-0.192308
1.87269e-10
0.
0.
0.
0.
0.
0.
0.
0.
0.
0.
0.
0.
0.
0.
0.
0.288462
-0.0961538
1.26283e-09
3.70181e-09
-0.192308
1.07178e-09
0.0961538
-0.0961538
1.63492e-09
-8.12014e-10
-1.03266e-09
1.31567e-10
-0.192308
-0.192308
-2.63735e-11
-0.192308
-0.192308
-3.91505e-10
0.
0.
0.
0.
0.
0.
0.
0.
0.
0.192308
-0.192308
9.06903e-11
0.192308
-0.192308
2.33783e-09
-2.6277e-09
2.97585e-09
1.44967e-09
-1.28729e-09
2.36607e-09
2.24503e-10
-2.35175e-09
-1.53589e-09
-1.55285e-09
-2.50696e-09
2.4882e-09
-5.51139e-10
-0.288462
-0.0961538
9.30352e-10
-1.05885e-09
-0.192308
-1.52864e-09
-0.0961538
-0.0961538
-8.99448e-10
4.53016e-10
-0.384615
7.60202e-11
0.192308
-0.192308
-9.34141e-10
2.86593e-09
9.73087e-10
1.63008e-09
6.305e-10
-1.50869e-09
-8.16112e-11
-2.02379e-09
1.7494e-09
4.91482e-10
2.28523e-10
-4.23446e-09
-7.25039e-10
-1.29229e-09
4.64597e-10
3.059e-10
-0.0961538
-0.0961538
-4.01834e-10
-8.04481e-10
-0.192308
-2.14325e-09
-0.0961538
-0.288462
-8.10056e-10
2.84009e-10
9.58032e-10
-9.3743e-10
8.1407e-10
2.69384e-10
2.74764e-10
8.77523e-10
5.01803e-10
2.55677e-09
-2.51128e-09
-1.17607e-09
2.32345e-09
5.18724e-10
-1.33849e-09
6.64225e-10
-6.64929e-10
-3.41924e-10
1.13628e-09
-3.61596e-09
7.90964e-10
1.87888e-09
-2.6995e-09
-2.3202e-09
-1.52044e-09
-3.12829e-09
-1.02917e-10
-3.18856e-09
1.71942e-10
-2.02041e-09
-7.06632e-10
-3.18142e-10
1.4833e-09
-7.6976e-10
4.04795e-09
-2.54199e-09
-2.64159e-10
6.37297e-10
6.3592e-10
-3.0594e-10
-2.10501e-09
6.68007e-10
2.39823e-10
-0.192308
0.192308
-1.45509e-09
-1.29157e-09
0.384615
1.41672e-09
0.0961538
0.288462
1.70911e-09
-1.01814e-09
0.192308
5.95048e-10
0.0961538
0.0961538
-4.74958e-10
-3.69572e-10
7.99583e-10
-3.97005e-10
2.29314e-09
-5.01701e-10
-3.07803e-10
-5.42038e-10
-5.27513e-10
7.52581e-10
2.56763e-09
-3.56024e-09
3.3696e-10
-0.192308
0.192308
8.98419e-10
-0.192308
0.192308
-5.26585e-10
0.
0.
0.
0.0961538
0.0961538
-3.14672e-10
0.0961538
0.0961538
-2.07876e-09
0.192308
-3.02524e-10
1.09186e-09
3.18056e-09
-3.63172e-09
1.84836e-11
-8.91294e-10
-2.63786e-09
2.33403e-09
-0.0961538
0.0961538
2.69077e-09
-3.86617e-09
0.192308
1.22413e-09
-0.288462
0.0961538
2.16333e-10
0.
0.
0.
0.
0.
0.
0.
0.
0.
0.0961538
0.0961538
2.7751e-10
0.0961538
0.288462
1.49227e-09
0.192308
0.192308
1.21464e-09
1.59797e-09
0.384615
5.64145e-10
-0.0961538
0.288462
4.32513e-10
4.38687e-10
0.192308
1.26181e-09
-0.0961538
0.0961538
-8.57507e-11
0.
0.
0.
0.
0.
0.
0.
0.
0.
0.
0.
0.
0.
0.
0.
0.192308
0.192308
1.19188e-09
0.
0.
0.
0.
0.
0.
0.
0.
0.
0.
0.
0.
0.
0.
0.
0.
0.
0.
0.
0.
0.
0.
0.
0.
0.
0.
0.
0.
0.
0.
0.
0.
0.
0.
0.
0.
0.
0.
0.
0.
0.
0.
0.192308
-0.192308
1.04316e-09
1.07047e-09
-0.384615
-8.34903e-10
-0.0961538
-0.288462
-1.00203e-09
-1.96022e-09
-0.192308
-1.06908e-10
-0.0961538
-0.0961538
-1.07718e-09
0.
0.
0.
0.
0.
0.
0.
0.
0.
0.0961538
-0.0961538
-1.52228e-11
0.0961538
-0.288462
2.30115e-10
0.192308
-0.192308
8.13527e-10
-1.01744e-09
-1.95186e-09
-1.21799e-10
-0.0961538
-0.0961538
-6.66663e-10
-0.0961538
-0.0961538
-1.57189e-09
-0.192308
-1.54252e-09
-6.16751e-10
0.
0.
0.
0.
0.
0.
0.0961538
-0.0961538
3.77893e-10
0.0961538
-0.0961538
-1.71696e-09
0.192308
2.5269e-09
2.4376e-10
5.26713e-10
8.51976e-10
-1.08888e-09
-9.14307e-10
-1.14258e-09
-1.53916e-09
-3.03758e-09
2.67e-10
-1.88123e-09
-0.0961538
-0.0961538
-1.90926e-09
-0.0961538
-0.288462
7.09739e-10
-0.192308
-0.192308
9.09481e-10
-7.29884e-10
-0.384615
-4.52732e-10
0.0961538
-0.288462
7.69017e-10
2.22885e-09
-0.192308
2.05554e-09
0.0961538
-0.0961538
1.53622e-09
-1.1914e-09
-2.51706e-09
2.3461e-10
-3.14714e-09
-3.06317e-09
-1.14326e-09
5.84903e-10
2.49996e-09
-1.68126e-09
-2.36058e-09
-4.49017e-09
-2.5282e-09
8.16163e-10
2.15447e-09
4.30621e-10
-0.192308
-0.192308
-1.22171e-09
6.81182e-10
1.55019e-09
-3.78757e-10
-1.09193e-09
-1.73277e-09
1.13948e-09
-4.4885e-10
3.21832e-10
-5.23643e-11
-9.04041e-10
8.11171e-10
1.18753e-10
1.40719e-09
1.17359e-09
1.14578e-09
-2.43969e-10
-1.05615e-09
-5.61596e-10
-5.62179e-11
1.54416e-10
-2.11482e-09
2.54133e-10
-2.71007e-09
6.08475e-10
-1.7664e-09
1.67992e-09
1.95475e-09
-1.02567e-09
7.56953e-10
-5.48217e-10
1.65648e-09
2.85865e-09
-2.00887e-09
1.36107e-09
5.0961e-10
-1.38268e-09
-0.0961538
0.0961538
-1.81456e-10
-1.07903e-09
0.192308
5.27471e-10
-0.0961538
0.288462
1.87459e-09
4.30037e-10
0.384615
8.86897e-10
0.192308
0.192308
-2.762e-09
-1.30481e-09
-2.43891e-09
-6.06521e-10
-2.03831e-09
1.95008e-09
1.12445e-10
-1.9307e-09
-1.06283e-09
-1.0849e-09
1.98688e-09
-4.91369e-10
-1.4711e-09
-6.91077e-11
-7.77045e-10
-1.25834e-09
-0.192308
-3.70793e-09
-1.0337e-09
-0.0961538
0.0961538
-2.58641e-09
-0.0961538
0.0961538
2.67065e-10
0.
0.
0.
0.192308
0.192308
-4.49446e-10
0.192308
0.192308
-1.52033e-09
-7.87322e-11
-6.66598e-10
-1.46591e-09
8.81401e-10
-2.15559e-09
-1.03026e-10
8.64378e-10
-1.46264e-09
8.96825e-10
-0.192308
0.192308
2.14289e-10
-0.0961538
0.288462
-9.16607e-10
-0.0961538
0.0961538
-1.22612e-09
0.
0.
0.
0.
0.
0.
0.
0.
0.
0.288462
0.0961538
-1.06901e-09
8.61361e-10
0.192308
-1.13492e-09
0.0961538
0.0961538
1.84012e-09
-2.61987e-10
0.384615
4.96175e-10
-0.192308
0.192308
1.27537e-09
0.
0.
0.
0.
0.
0.
0.
0.
0.
0.
0.
0.
0.
0.
0.
0.0961538
0.0961538
-4.86344e-11
1.69737e-10
0.192308
6.59005e-10
0.0961538
0.288462
5.07302e-10
-0.0961538
0.0961538
7.70614e-11
0.
0.
0.
0.
0.
0.
0.
0.
0.
0.
0.
0.
0.0961538
-0.0961538
-9.59326e-10
0.0961538
-0.0961538
8.28038e-11
-2.3393e-10
-1.93657e-10
-9.31784e-10
-9.99029e-10
7.57289e-12
-1.1765e-09
-0.0961538
0.0961538
9.34559e-11
0.
0.
0.
0.
0.
0.
0.
0.
0.
0.
0.
0.
0.192308
-0.192308
-1.71463e-09
0.0961538
-0.288462
-1.59807e-09
-1.00877e-09
-0.192308
-1.38523e-09
-1.99445e-09
-0.192308
1.73164e-09
-0.0961538
-0.0961538
9.25265e-10
-0.192308
-6.33662e-10
-6.15958e-10
0.
0.
0.
0.
0.
0.
0.
0.
0.
0.0961538
-0.0961538
2.31696e-10
0.288462
-0.0961538
5.39688e-11
9.70279e-10
-1.40036e-09
2.80019e-10
7.2451e-10
1.15723e-09
-5.70532e-11
-2.46568e-10
-1.05143e-09
8.80032e-10
-0.192308
1.91389e-09
2.42828e-09
-0.192308
5.45036e-10
7.29845e-10
0.
0.
0.
0.
0.
0.
0.
0.
0.
0.192308
1.33999e-10
1.768e-09
0.192308
-1.15726e-09
9.25374e-10
-1.51395e-09
-4.62637e-10
1.43764e-09
-1.17577e-09
2.88989e-09
1.82255e-09
-3.07509e-09
-2.6681e-09
-1.60643e-09
-0.0961539
-0.0961538
-5.33353e-10
-0.288462
-0.0961538
5.76125e-10
-0.0961538
-0.288462
1.49237e-10
1.57954e-09
-0.192308
-1.71384e-09
1.4794e-09
-0.192308
-1.22383e-09
0.0961538
-0.0961538
7.71112e-10
0.192308
-1.41103e-09
1.03106e-09
-3.58028e-09
-1.77741e-09
3.95681e-10
6.86579e-10
1.23138e-09
-1.82054e-09
3.44885e-09
-1.34846e-09
-1.57934e-09
1.73011e-09
5.16709e-10
-2.53626e-09
-0.192308
-0.192308
-1.1861e-09
-0.0961538
-0.0961538
2.64086e-10
-0.0961538
-0.0961538
-8.00892e-10
-4.92142e-10
2.45093e-10
-1.25856e-09
-9.75844e-10
1.77271e-10
-4.13051e-10
0.0961538
0.0961538
-5.50847e-10
0.0961538
0.0961538
1.87696e-09
2.24392e-09
1.41377e-09
3.16232e-09
-1.19043e-10
-3.31233e-10
-3.64651e-10
-1.77062e-10
-6.66121e-11
-7.58726e-11
-7.24922e-10
1.79646e-09
1.21205e-09
3.7466e-09
1.07408e-09
-2.23039e-09
-0.192308
2.11192e-09
2.89561e-10
-0.0961538
0.0961538
1.2954e-09
-1.02924e-09
0.192308
-4.11173e-10
-1.60503e-09
0.192308
-1.02119e-09
0.0961538
0.288462
2.33847e-10
0.192308
0.192308
1.43499e-09
-2.14741e-10
5.48758e-11
-6.41005e-10
-3.34903e-09
9.86538e-10
-1.42115e-09
-2.79055e-10
6.51883e-10
-3.4385e-09
2.23975e-09
1.29292e-09
1.00018e-09
-0.192308
-1.85385e-10
-2.76091e-10
-0.192308
2.12977e-11
6.33045e-10
0.
0.
0.
0.
0.
0.
0.
0.
0.
0.288462
0.0961538
2.3041e-10
0.0961538
0.0961538
2.53887e-09
2.56333e-09
1.40193e-09
2.21241e-09
8.72383e-10
-2.11509e-09
2.05246e-09
-1.53037e-11
1.39628e-09
5.88216e-10
-0.288462
0.0961538
-1.59205e-10
-0.0961538
0.0961538
-6.82743e-10
0.
0.
0.
0.
0.
0.
0.
0.
0.
0.192308
-1.41174e-11
1.86522e-09
0.192308
-4.86249e-11
3.40346e-09
2.39444e-09
3.06442e-09
4.14583e-09
-4.59755e-10
-8.51628e-10
1.46206e-09
-0.0961538
0.288462
-1.07121e-09
-0.192308
0.192308
-8.83393e-10
0.
0.
0.
0.
0.
0.
0.
0.
0.
0.
0.
0.
0.192308
1.54724e-09
-1.68987e-10
0.0961538
0.0961538
1.87073e-10
3.48108e-10
0.192308
1.56905e-09
1.9543e-09
0.192308
-3.64314e-10
-0.192308
0.192308
1.49241e-09
-0.0961538
0.0961538
9.56729e-10
0.
0.
0.
0.
0.
0.
0.0961538
-0.0961538
7.97242e-10
0.192308
-0.192308
1.55777e-09
0.0961538
-0.0961538
-1.19159e-09
5.27553e-11
1.15292e-09
-1.81929e-09
-5.19927e-10
-1.07524e-09
-9.96009e-10
-0.0961538
0.0961538
-1.82919e-09
-0.0961538
0.0961538
-2.9086e-10
0.
0.
0.
0.
0.
0.
0.
0.
0.
0.288462
-0.0961538
1.64799e-09
0.0961538
-0.0961538
2.95972e-09
3.60384e-09
-7.73924e-10
2.19058e-10
3.13541e-09
9.97965e-12
-1.83062e-09
-1.18898e-09
5.91167e-10
1.41271e-09
-0.288462
0.0961538
-7.11113e-10
0.
0.
0.
0.
0.
0.
0.
0.
0.
0.
0.
0.
0.384615
-1.59853e-09
8.09207e-10
1.34997e-10
-1.50407e-09
-8.50911e-10
2.86619e-10
-6.89841e-11
-1.08368e-09
-5.28031e-10
9.78907e-10
-9.22605e-10
-1.15615e-09
1.74301e-09
-2.06413e-09
-0.384615
-6.5065e-10
-1.24555e-09
0.
0.
0.
0.
0.
0.
0.
0.
0.
0.
0.
0.
0.384615
2.73423e-10
4.89325e-10
-5.94263e-10
-2.47134e-10
-9.71918e-10
-3.09697e-10
-4.75336e-10
-5.47193e-11
5.35619e-10
2.29215e-10
-4.77277e-10
-1.48378e-09
-4.71616e-10
-2.61267e-09
-0.384615
1.22433e-09
-8.97562e-10
-0.0961538
-0.0961538
-5.49344e-10
0.
0.
0.
0.
0.
0.
0.
0.
0.
0.288462
0.0961538
7.85364e-10
0.0961538
0.0961538
2.17501e-09
2.54261e-09
3.58975e-10
2.04577e-09
4.36597e-09
1.75547e-09
1.27774e-09
6.6546e-10
-1.59484e-09
2.28457e-09
-0.288462
-0.0961538
4.71311e-10
-0.192308
-0.192308
-3.45296e-10
-0.0961538
-0.0961538
1.57378e-10
0.
0.
0.
0.
0.
0.
0.0961538
0.0961538
4.43604e-10
0.192308
0.192308
1.36977e-10
0.0961538
0.0961538
-3.35676e-09
1.751e-09
-1.01476e-09
-4.74108e-10
1.97418e-10
1.39688e-09
-1.0577e-09
-0.0961538
-0.0961538
-2.77783e-09
-0.0961538
-0.0961538
4.73221e-10
-0.288462
-0.0961538
3.66614e-10
0.
0.
0.
0.
0.
0.
0.
0.
0.
0.0961538
0.0961538
-8.11034e-10
0.288462
0.0961538
5.28428e-10
7.80355e-10
2.70133e-09
3.1872e-09
-3.07405e-09
-1.58227e-09
3.70381e-10
-7.33568e-10
5.06159e-09
-3.61187e-10
1.77541e-09
-6.97763e-10
-2.05452e-09
-0.384615
4.81673e-10
-4.49886e-10
0.
0.
0.
0.
0.
0.
0.
0.
0.
0.
0.
0.
0.384615
-6.64627e-10
1.0101e-10
2.29882e-09
1.70403e-09
-6.53649e-10
6.27818e-10
2.38119e-09
8.99111e-10
1.20722e-09
1.63205e-09
-3.73699e-10
3.3256e-10
1.05515e-09
-1.68309e-09
-0.384615
2.26419e-10
-5.59809e-10
0.
0.
0.
0.
0.
0.
0.
0.
0.
0.
0.
0.
0.384615
1.72942e-09
8.35159e-10
1.31253e-09
-1.49795e-09
-3.2583e-10
-8.40327e-10
2.07433e-09
9.83194e-10
-4.46558e-10
1.27211e-09
7.12749e-10
-0.0961538
0.0961538
2.41495e-09
-0.288462
0.0961538
1.60563e-09
0.
0.
0.
0.
0.
0.
0.
0.
0.
0.0961538
-0.0961538
-2.24725e-10
0.288462
-0.0961538
1.65414e-09
4.14076e-10
-1.19931e-09
1.55542e-09
-2.57231e-09
3.12872e-09
9.65728e-11
-1.8396e-10
-7.71129e-10
1.56827e-09
-0.0961538
0.0961538
1.62416e-09
-0.0961538
0.0961538
-2.0673e-09
-1.35902e-09
-7.29547e-10
-1.98258e-09
-1.81088e-10
-1.61129e-09
-1.03555e-09
0.0961538
-0.0961538
-2.99556e-09
0.0961538
-0.0961538
-6.4847e-10
-6.05343e-10
6.67175e-10
1.44191e-09
-6.69339e-10
-2.27949e-09
7.80858e-10
-1.32398e-09
3.72417e-10
1.3767e-09
-8.86629e-10
-3.19059e-10
4.24555e-09
-0.0961538
0.288462
1.37066e-09
1.60686e-09
0.192308
-2.14828e-09
1.18242e-09
0.192308
-1.54539e-09
0.0961538
0.0961538
1.22822e-09
0.192308
5.55953e-11
-8.98568e-10
-1.14344e-09
7.26144e-10
-1.48767e-09
2.19348e-09
-9.18131e-10
-2.23049e-09
4.36034e-09
1.59739e-10
-1.01507e-09
-1.42733e-09
7.89533e-10
-1.98802e-09
-0.192308
0.192308
1.34426e-09
0.
0.
0.
0.
0.
0.
0.
0.
0.
0.192308
2.39998e-10
-1.89686e-10
0.192308
-3.82434e-09
-1.26914e-09
1.11516e-09
3.12253e-10
2.09768e-09
-3.91237e-10
-2.91865e-09
1.86263e-09
-2.09545e-09
3.74299e-10
2.99456e-10
-0.0961539
0.0961538
5.90413e-10
-0.288462
0.0961538
-5.43955e-10
0.
0.
0.
0.
0.
0.
0.
0.
0.
0.0961538
0.0961538
-6.17619e-10
0.288462
0.0961538
3.54591e-10
2.90141e-10
-1.77897e-10
2.54473e-09
2.77179e-09
-7.37699e-10
1.54097e-09
-1.32416e-09
1.066e-09
1.25354e-09
-0.192308
-1.83435e-09
5.93127e-11
-0.192308
7.488e-10
6.08465e-10
0.
0.
0.
0.
0.
0.
0.
0.
0.
0.
0.
0.
0.192308
0.192308
-5.5301e-10
0.0961538
0.288462
-4.74805e-10
1.00917e-09
0.192308
-7.59298e-10
1.0509e-09
0.192308
-4.31858e-10
-0.0961538
0.0961538
-2.27186e-09
-0.192308
2.21505e-09
-2.37295e-09
-0.0961538
-0.0961538
-4.36544e-10
0.
0.
0.
0.
0.
0.
0.
0.
0.
0.
0.
0.
0.0961538
0.0961538
-4.22111e-10
0.0961538
0.0961538
-2.37011e-10
7.8559e-10
9.25066e-10
-2.18841e-09
8.7354e-11
-9.28794e-10
-3.83123e-09
-0.0961538
-0.0961538
-8.65867e-10
-0.0961538
-0.288462
-1.2427e-09
-0.192308
-0.192308
-2.28088e-09
0.
0.
0.
0.
0.
0.
0.
0.
0.
0.
0.
0.
0.192308
-2.04204e-09
-1.29343e-09
0.0961538
-0.0961538
-1.35837e-09
7.54523e-10
-0.192308
-1.36518e-09
8.43417e-10
-0.192308
-1.17977e-09
-1.20033e-09
-1.56274e-09
1.60903e-09
-0.288462
-0.0961538
-2.93501e-09
-0.0961538
-0.0961538
-1.2279e-09
0.
0.
0.
0.
0.
0.
0.
0.
0.
0.192308
1.96592e-10
1.39873e-09
0.192308
1.51277e-09
2.35871e-09
3.10844e-09
-5.99897e-10
2.7214e-09
-5.08478e-10
2.64595e-09
2.65167e-09
1.6029e-10
-1.84209e-10
3.01265e-09
-0.192308
2.46942e-09
-1.6159e-09
-0.192308
-4.98377e-10
1.03032e-10
0.
0.
0.
0.
0.
0.
0.
0.
0.
0.288462
-0.0961538
2.37205e-10
0.0961538
-0.0961538
2.06689e-09
1.19359e-09
8.0312e-10
2.59813e-09
-9.76892e-11
4.49939e-09
3.89116e-09
2.25059e-09
-1.84566e-09
-7.97323e-10
-0.192308
4.58662e-10
-3.86455e-10
-0.0961538
-0.0961538
-2.76388e-10
-2.98418e-10
-0.192308
-1.0669e-09
-4.47414e-10
-0.192308
-1.2527e-09
0.0961538
-0.288462
1.76592e-10
0.192308
-0.192308
2.53217e-10
1.74218e-09
-1.33366e-09
-8.65244e-10
-1.47971e-09
-8.48168e-10
1.15678e-09
5.93098e-10
1.79111e-09
-7.73929e-10
-6.64928e-10
-3.41924e-10
1.13628e-09
-3.61596e-09
7.90964e-10
1.87888e-09
-2.6995e-09
-2.3202e-09
-1.52044e-09
-3.12829e-09
-1.02917e-10
-3.18856e-09
1.71942e-10
-2.02041e-09
-7.06632e-10
2.84009e-10
9.58031e-10
-9.3743e-10
8.1407e-10
2.69384e-10
2.74764e-10
8.77523e-10
5.01803e-10
2.55677e-09
-2.51128e-09
-1.17607e-09
2.32345e-09
5.18724e-10
-1.33849e-09
6.64225e-10
-1.29157e-09
0.384615
1.41672e-09
0.0961538
0.288462
1.70911e-09
-1.01814e-09
0.192308
5.95048e-10
0.0961538
0.0961538
-4.74958e-10
-3.69572e-10
7.99583e-10
-3.97005e-10
-3.18143e-10
1.4833e-09
-7.69759e-10
4.04795e-09
-2.54199e-09
-2.64159e-10
6.37297e-10
6.3592e-10
-3.0594e-10
-2.10501e-09
6.68007e-10
2.39822e-10
-0.192308
0.192308
-1.45509e-09
0.
0.
0.
0.0961538
0.0961538
-3.14672e-10
0.0961538
0.0961538
-2.07876e-09
0.192308
-3.02523e-10
1.09186e-09
3.18056e-09
-3.63172e-09
1.84837e-11
2.29314e-09
-5.01701e-10
-3.07803e-10
-5.42038e-10
-5.27513e-10
7.52581e-10
2.56763e-09
-3.56024e-09
3.3696e-10
-0.192308
0.192308
8.98419e-10
-0.192308
0.192308
-5.26585e-10
0.
0.
0.
0.
0.
0.
0.0961538
0.0961538
2.7751e-10
0.0961538
0.288462
1.49227e-09
0.192308
0.192308
1.21464e-09
-8.91293e-10
-2.63786e-09
2.33403e-09
-0.0961538
0.0961538
2.69077e-09
-3.86617e-09
0.192308
1.22413e-09
-0.288462
0.0961538
2.16333e-10
0.
0.
0.
0.
0.
0.
0.
0.
0.
0.
0.
0.
0.
0.
0.
0.192308
0.192308
1.19188e-09
1.59797e-09
0.384615
5.64145e-10
-0.0961538
0.288462
4.32513e-10
4.38687e-10
0.192308
1.26181e-09
-0.0961538
0.0961538
-8.57509e-11
0.
0.
0.
0.
0.
0.
0.
0.
0.
0.
0.
0.
0.
0.
0.
0.
0.
0.
0.
0.
0.
0.
0.
0.
0.
0.
0.
0.
0.
0.
0.
0.
0.
-5.91916e-10
-0.384615
-1.38505e-09
-0.192308
-0.192308
1.87269e-10
0.
0.
0.
0.
0.
0.
0.
0.
0.
0.
0.
0.
0.
0.
0.
0.0961538
-0.0961538
-1.24513e-11
-6.28919e-10
-0.192308
1.09259e-09
0.0961538
-0.288462
1.55694e-10
-8.12014e-10
-1.03266e-09
1.31567e-10
-0.192308
-0.192308
-2.63734e-11
-0.192308
-0.192308
-3.91505e-10
0.
0.
0.
0.
0.
0.
0.
0.
0.
0.
0.
0.
0.288462
-0.0961538
1.26283e-09
3.70181e-09
-0.192308
1.07178e-09
0.0961538
-0.0961538
1.63492e-09
-2.35175e-09
-1.53589e-09
-1.55285e-09
-2.50696e-09
2.4882e-09
-5.51139e-10
-0.288462
-0.0961538
9.30352e-10
-1.05885e-09
-0.192308
-1.52864e-09
-0.0961538
-0.0961538
-8.99448e-10
0.
0.
0.
0.192308
-0.192308
9.06904e-11
0.192308
-0.192308
2.33783e-09
-2.6277e-09
2.97585e-09
1.44967e-09
-1.28729e-09
2.36607e-09
2.24503e-10
2.28523e-10
-4.23446e-09
-7.25039e-10
-1.29229e-09
4.64597e-10
3.059e-10
-0.0961538
-0.0961538
-4.01834e-10
-8.04481e-10
-0.192308
-2.14325e-09
-0.0961538
-0.288462
-8.10056e-10
4.53016e-10
-0.384615
7.60201e-11
0.192308
-0.192308
-9.34141e-10
2.86593e-09
9.73087e-10
1.63008e-09
6.305e-10
-1.50869e-09
-8.16112e-11
-2.02379e-09
1.7494e-09
4.91482e-10
-2.43969e-10
-1.05615e-09
-5.61596e-10
-5.62179e-11
1.54416e-10
-2.11482e-09
2.54133e-10
-2.71007e-09
6.08475e-10
-1.7664e-09
1.67992e-09
1.95475e-09
-1.02567e-09
7.56953e-10
-5.48217e-10
6.81182e-10
1.55019e-09
-3.78758e-10
-1.09193e-09
-1.73277e-09
1.13948e-09
-4.4885e-10
3.21832e-10
-5.23642e-11
-9.04041e-10
8.11171e-10
1.18753e-10
1.40719e-09
1.17359e-09
1.14578e-09
4.30037e-10
0.384615
8.86897e-10
0.192308
0.192308
-2.762e-09
-1.30481e-09
-2.43891e-09
-6.06521e-10
-2.03831e-09
1.95008e-09
1.12445e-10
-1.9307e-09
-1.06283e-09
-1.0849e-09
1.65648e-09
2.85865e-09
-2.00887e-09
1.36107e-09
5.0961e-10
-1.38268e-09
-0.0961538
0.0961538
-1.81456e-10
-1.07903e-09
0.192308
5.27471e-10
-0.0961538
0.288462
1.87459e-09
0.
0.
0.
0.192308
0.192308
-4.49446e-10
0.192308
0.192308
-1.52033e-09
-7.87323e-11
-6.66598e-10
-1.46591e-09
8.81401e-10
-2.1556e-09
-1.03025e-10
1.98688e-09
-4.91368e-10
-1.4711e-09
-6.91077e-11
-7.77045e-10
-1.25834e-09
-0.192308
-3.70793e-09
-1.0337e-09
-0.0961538
0.0961538
-2.58641e-09
-0.0961538
0.0961538
2.67065e-10
0.
0.
0.
0.
0.
0.
0.288462
0.0961538
-1.06901e-09
8.61361e-10
0.192308
-1.13492e-09
0.0961538
0.0961538
1.84012e-09
8.64378e-10
-1.46264e-09
8.96825e-10
-0.192308
0.192308
2.14288e-10
-0.0961538
0.288462
-9.16607e-10
-0.0961538
0.0961538
-1.22612e-09
0.
0.
0.
0.
0.
0.
0.
0.
0.
0.0961538
0.0961538
-4.86345e-11
1.69737e-10
0.192308
6.59005e-10
0.0961538
0.288462
5.07302e-10
-2.61988e-10
0.384615
4.96175e-10
-0.192308
0.192308
1.27537e-09
0.
0.
0.
0.
0.
0.
0.
0.
0.
0.
0.
0.
0.
0.
0.
0.
0.
0.
0.
0.
0.
0.
0.
0.
0.
0.
0.
0.
0.
0.
0.
0.
0.
0.
0.
0.
0.
0.
0.
1.07047e-09
-0.384615
-8.34903e-10
-0.0961538
-0.288462
-1.00202e-09
-1.96022e-09
-0.192308
-1.06908e-10
-0.0961538
-0.0961538
-1.07718e-09
0.
0.
0.
0.
0.
0.
0.
0.
0.
0.
0.
0.
0.
0.
0.
0.192308
-0.192308
1.04316e-09
-1.01744e-09
-1.95186e-09
-1.21799e-10
-0.0961538
-0.0961538
-6.66663e-10
-0.0961538
-0.0961538
-1.57189e-09
-0.192308
-1.54252e-09
-6.16751e-10
0.
0.
0.
0.
0.
0.
0.
0.
0.
0.0961538
-0.0961538
-1.52227e-11
0.0961538
-0.288462
2.30115e-10
0.192308
-0.192308
8.13527e-10
-9.14307e-10
-1.14258e-09
-1.53916e-09
-3.03758e-09
2.67e-10
-1.88123e-09
-0.0961538
-0.0961538
-1.90926e-09
-0.0961538
-0.288462
7.09739e-10
-0.192308
-0.192308
9.09481e-10
0.
0.
0.
0.0961538
-0.0961538
3.77893e-10
0.0961538
-0.0961538
-1.71696e-09
0.192308
2.5269e-09
2.4376e-10
5.26713e-10
8.51977e-10
-1.08888e-09
-3.14714e-09
-3.06317e-09
-1.14326e-09
5.84903e-10
2.49996e-09
-1.68126e-09
-2.36058e-09
-4.49017e-09
-2.52821e-09
8.16163e-10
2.15447e-09
4.30621e-10
-0.192308
-0.192308
-1.22171e-09
-7.29884e-10
-0.384615
-4.52732e-10
0.0961538
-0.288462
7.69017e-10
2.22885e-09
-0.192308
2.05554e-09
0.0961538
-0.0961538
1.53622e-09
-1.1914e-09
-2.51706e-09
2.3461e-10
0.0961538
0.0961538
1.87696e-09
2.24392e-09
1.41377e-09
3.16232e-09
-1.19043e-10
-3.31233e-10
-3.6465e-10
-1.77062e-10
-6.6612e-11
-7.58727e-11
-7.24922e-10
1.79646e-09
1.21205e-09
-0.0961538
-0.0961538
2.64086e-10
-0.0961538
-0.0961538
-8.00892e-10
-4.92142e-10
2.45093e-10
-1.25856e-09
-9.75844e-10
1.77271e-10
-4.13051e-10
0.0961538
0.0961538
-5.50847e-10
0.0961538
0.288462
2.33847e-10
0.192308
0.192308
1.43499e-09
-2.14741e-10
5.48755e-11
-6.41005e-10
-3.34903e-09
9.86538e-10
-1.42115e-09
-2.79055e-10
6.51883e-10
-3.4385e-09
3.7466e-09
1.07408e-09
-2.23039e-09
-0.192308
2.11192e-09
2.89561e-10
-0.0961538
0.0961538
1.2954e-09
-1.02924e-09
0.192308
-4.11173e-10
-1.60503e-09
0.192308
-1.02119e-09
0.
0.
0.
0.288462
0.0961538
2.3041e-10
0.0961538
0.0961538
2.53887e-09
2.56333e-09
1.40193e-09
2.21241e-09
8.72383e-10
-2.11509e-09
2.05246e-09
2.23974e-09
1.29292e-09
1.00018e-09
-0.192308
-1.85385e-10
-2.76091e-10
-0.192308
2.12976e-11
6.33045e-10
0.
0.
0.
0.
0.
0.
0.
0.
0.
0.192308
-1.41174e-11
1.86522e-09
0.192308
-4.86247e-11
3.40346e-09
2.39444e-09
3.06442e-09
4.14583e-09
-4.59755e-10
-8.51628e-10
1.46206e-09
-1.53029e-11
1.39628e-09
5.88216e-10
-0.288462
0.0961538
-1.59205e-10
-0.0961538
0.0961538
-6.82743e-10
0.
0.
0.
0.
0.
0.
0.
0.
0.
0.192308
1.54724e-09
-1.68987e-10
0.0961538
0.0961538
1.87073e-10
3.48108e-10
0.192308
1.56905e-09
1.9543e-09
0.192308
-3.64314e-10
-0.0961538
0.288462
-1.07121e-09
-0.192308
0.192308
-8.83393e-10
0.
0.
0.
0.
0.
0.
0.
0.
0.
0.0961538
-0.0961538
-9.59326e-10
0.0961538
-0.0961538
8.28038e-11
-2.3393e-10
-1.93657e-10
-9.31784e-10
-9.99029e-10
7.57277e-12
-1.1765e-09
-0.0961538
0.0961538
9.34559e-11
-0.0961538
0.0961538
7.70612e-11
0.
0.
0.
0.
0.
0.
0.
0.
0.
0.
0.
0.
0.0961538
-0.288462
-1.59807e-09
-1.00877e-09
-0.192308
-1.38523e-09
-1.99445e-09
-0.192308
1.73164e-09
-0.0961538
-0.0961538
9.25265e-10
-0.192308
-6.33662e-10
-6.15958e-10
0.
0.
0.
0.
0.
0.
0.
0.
0.
0.
0.
0.
0.192308
-0.192308
-1.71463e-09
9.70279e-10
-1.40036e-09
2.80019e-10
7.2451e-10
1.15723e-09
-5.70533e-11
-2.46568e-10
-1.05143e-09
8.80032e-10
-0.192308
1.91389e-09
2.42828e-09
-0.192308
5.45036e-10
7.29845e-10
0.
0.
0.
0.
0.
0.
0.
0.
0.
0.0961538
-0.0961538
2.31696e-10
0.288462
-0.0961538
5.39685e-11
-1.51395e-09
-4.62637e-10
1.43764e-09
-1.17577e-09
2.88989e-09
1.82255e-09
-3.07509e-09
-2.6681e-09
-1.60643e-09
-0.0961539
-0.0961538
-5.33353e-10
-0.288462
-0.0961538
5.76125e-10
0.
0.
0.
0.
0.
0.
0.
0.
0.
0.192308
1.33999e-10
1.768e-09
0.192308
-1.15726e-09
9.25374e-10
-3.58027e-09
-1.77741e-09
3.9568e-10
6.86579e-10
1.23138e-09
-1.82054e-09
3.44885e-09
-1.34846e-09
-1.57934e-09
1.73011e-09
5.16709e-10
-2.53626e-09
-0.192308
-0.192308
-1.1861e-09
-0.0961538
-0.288462
1.49237e-10
1.57954e-09
-0.192308
-1.71384e-09
1.4794e-09
-0.192308
-1.22383e-09
0.0961538
-0.0961538
7.71112e-10
0.192308
-1.41103e-09
1.03106e-09
